100
0	1	17	0
0	2	19	2
0	4	11	1
0	5	24	1
0	6	12	2
0	8	17	2
0	14	0	0
0	15	23	2
0	16	20	2
0	17	12	2
0	19	1	2
0	20	0	1
0	24	21	1
0	31	10	2
0	39	12	0
0	40	29	0
0	41	19	0
0	43	27	1
0	45	13	0
0	47	4	2
0	50	20	2
0	53	11	2
0	55	3	2
0	56	8	2
0	57	20	1
0	62	28	2
0	65	15	2
0	66	0	1
0	67	17	1
0	70	6	2
0	72	6	0
0	73	2	2
0	76	7	0
0	78	17	0
0	80	7	2
0	81	16	2
0	82	9	0
0	84	20	1
0	87	20	1
0	89	0	1
0	94	0	1
0	95	11	0
0	96	19	1
0	98	24	0
1	0	17	0
1	2	24	1
1	5	22	1
1	6	28	1
1	12	17	2
1	17	9	0
1	22	4	1
1	23	0	1
1	24	22	2
1	28	11	1
1	29	0	1
1	31	7	1
1	34	26	2
1	36	13	1
1	37	14	0
1	39	3	0
1	40	0	2
1	42	14	0
1	44	17	2
1	50	8	0
1	53	17	1
1	55	24	1
1	56	3	1
1	57	29	2
1	58	16	2
1	59	22	0
1	62	19	1
1	63	7	2
1	71	10	0
1	73	22	1
1	77	22	0
1	79	27	1
1	80	13	2
1	81	17	1
1	84	16	2
1	87	12	2
1	88	4	2
1	89	1	1
1	91	16	0
1	92	11	2
1	93	3	1
1	97	17	2
2	0	19	2
2	1	24	1
2	3	0	2
2	4	23	0
2	8	2	0
2	9	2	0
2	14	20	1
2	16	24	2
2	19	12	1
2	21	28	1
2	22	7	1
2	23	23	1
2	25	25	2
2	27	26	2
2	28	25	2
2	29	15	0
2	31	28	1
2	32	19	2
2	37	22	2
2	39	3	0
2	40	6	2
2	43	24	2
2	45	25	2
2	48	2	1
2	50	12	2
2	51	5	2
2	52	1	0
2	55	14	1
2	57	23	1
2	58	4	2
2	59	12	2
2	60	20	1
2	62	16	1
2	63	6	1
2	65	26	1
2	66	1	2
2	67	21	0
2	68	17	1
2	70	26	2
2	71	1	1
2	74	18	1
2	76	24	1
2	77	5	2
2	78	0	0
2	80	19	1
2	84	6	2
2	85	19	0
2	90	22	1
2	91	19	1
2	92	4	1
2	93	0	1
2	94	28	1
2	97	26	1
2	98	28	2
2	99	27	1
3	2	0	2
3	4	6	0
3	5	19	0
3	6	7	0
3	8	23	2
3	10	19	1
3	11	10	2
3	16	20	0
3	17	9	2
3	19	14	1
3	23	2	0
3	24	26	1
3	29	16	0
3	31	3	2
3	32	10	2
3	33	18	2
3	34	1	2
3	37	0	0
3	38	23	2
3	39	5	2
3	41	17	0
3	43	7	0
3	44	9	1
3	45	28	2
3	46	24	2
3	47	15	0
3	52	6	0
3	54	12	0
3	58	1	0
3	61	28	0
3	71	12	1
3	72	7	2
3	74	24	2
3	75	1	1
3	76	15	2
3	78	28	2
3	79	9	0
3	80	12	0
3	81	24	1
3	85	15	0
3	86	8	2
3	87	16	0
3	88	3	2
3	89	21	1
3	92	23	2
3	93	24	2
3	94	28	0
3	96	12	2
4	0	11	1
4	2	23	0
4	3	6	0
4	6	16	0
4	7	20	2
4	8	7	0
4	11	25	0
4	12	11	1
4	15	22	2
4	17	15	2
4	19	24	0
4	22	8	0
4	24	12	0
4	26	18	2
4	31	19	2
4	32	4	0
4	33	3	0
4	34	2	2
4	36	12	2
4	39	11	1
4	40	26	2
4	42	29	2
4	45	0	2
4	47	16	1
4	49	14	0
4	51	24	1
4	53	25	1
4	54	28	1
4	55	29	2
4	58	2	0
4	59	6	0
4	60	3	1
4	62	24	1
4	65	12	1
4	68	11	1
4	69	1	2
4	71	3	1
4	72	15	2
4	77	15	1
4	78	6	1
4	79	29	0
4	80	24	1
4	84	21	0
4	85	16	2
4	91	7	1
4	94	26	0
4	97	26	0
4	99	11	1
5	0	24	1
5	1	22	1
5	3	19	0
5	6	8	2
5	7	5	1
5	9	20	0
5	10	1	2
5	14	5	0
5	17	1	1
5	18	10	2
5	19	3	0
5	20	10	0
5	21	21	0
5	22	27	0
5	23	6	1
5	25	22	2
5	26	21	1
5	27	7	0
5	28	23	1
5	29	19	1
5	30	29	0
5	31	24	0
5	32	0	1
5	33	19	0
5	35	8	0
5	37	10	1
5	40	1	2
5	41	25	1
5	42	2	0
5	45	8	2
5	46	3	1
5	47	20	2
5	48	7	2
5	50	19	2
5	51	5	2
5	53	1	2
5	56	19	2
5	57	7	2
5	59	15	2
5	62	21	1
5	66	22	2
5	67	1	2
5	68	7	2
5	69	2	2
5	70	20	1
5	71	18	1
5	72	9	0
5	73	28	1
5	74	3	2
5	76	19	2
5	81	23	0
5	85	5	2
5	86	3	1
5	88	25	1
5	89	14	1
5	93	9	2
5	94	16	0
5	95	18	1
5	97	15	1
5	99	19	2
6	0	12	2
6	1	28	1
6	3	7	0
6	4	16	0
6	5	8	2
6	7	7	1
6	8	10	0
6	14	20	2
6	16	7	0
6	17	9	0
6	18	27	2
6	19	26	2
6	22	23	0
6	27	10	2
6	30	16	0
6	31	17	2
6	33	2	0
6	35	5	1
6	36	11	2
6	37	10	0
6	43	21	1
6	44	26	0
6	46	8	2
6	47	11	1
6	48	2	1
6	51	9	1
6	53	27	0
6	56	16	0
6	57	0	0
6	60	3	1
6	63	5	2
6	64	9	2
6	67	18	0
6	68	17	1
6	69	17	0
6	71	9	2
6	72	14	2
6	74	4	0
6	75	14	2
6	76	28	0
6	77	3	1
6	78	18	0
6	80	24	1
6	81	28	1
6	83	4	0
6	85	11	2
6	86	27	1
6	89	2	1
6	90	12	1
6	94	0	2
6	95	17	2
6	97	23	1
6	99	11	0
7	4	20	2
7	5	5	1
7	6	7	1
7	8	12	2
7	9	29	2
7	10	23	0
7	11	6	1
7	13	4	2
7	14	11	2
7	15	0	1
7	20	5	2
7	21	2	0
7	22	10	0
7	24	26	0
7	25	9	2
7	26	7	0
7	27	27	2
7	29	24	0
7	30	2	2
7	31	12	0
7	32	17	2
7	33	19	0
7	34	20	0
7	37	25	2
7	38	24	0
7	42	9	2
7	44	22	2
7	46	13	1
7	50	4	1
7	51	13	0
7	52	13	2
7	58	7	1
7	59	24	1
7	60	18	1
7	64	21	2
7	66	25	1
7	68	24	0
7	71	3	1
7	73	20	0
7	76	12	0
7	80	29	2
7	81	12	1
7	83	13	0
7	85	3	0
7	87	8	1
7	88	22	0
7	91	4	1
7	92	10	0
7	93	15	0
7	96	23	2
7	97	20	1
7	99	5	2
8	0	17	2
8	2	2	0
8	3	23	2
8	4	7	0
8	6	10	0
8	7	12	2
8	9	24	1
8	11	29	0
8	12	19	0
8	13	14	2
8	15	14	0
8	17	5	1
8	20	16	2
8	21	5	0
8	22	5	1
8	23	0	1
8	27	27	2
8	28	5	1
8	29	9	1
8	33	28	2
8	38	21	1
8	39	19	2
8	40	9	1
8	41	1	0
8	42	3	1
8	46	3	2
8	47	10	0
8	48	18	0
8	50	23	2
8	54	24	2
8	55	25	2
8	56	29	0
8	60	19	1
8	64	15	0
8	67	19	1
8	70	21	2
8	72	20	0
8	75	25	2
8	77	0	2
8	85	4	0
8	86	18	0
8	88	7	0
8	89	18	1
8	90	1	1
8	91	21	2
8	93	3	1
8	96	3	1
8	97	6	0
8	98	12	2
8	99	19	2
9	2	2	0
9	5	20	0
9	7	29	2
9	8	24	1
9	10	9	2
9	14	9	0
9	15	23	2
9	17	11	0
9	18	18	2
9	21	6	1
9	23	14	0
9	25	23	0
9	28	15	2
9	32	24	0
9	33	1	1
9	35	23	1
9	36	12	0
9	40	20	0
9	42	16	0
9	46	3	2
9	48	13	0
9	51	23	1
9	52	29	0
9	53	18	0
9	56	14	2
9	57	14	1
9	62	13	2
9	63	11	1
9	64	27	0
9	66	22	1
9	68	22	2
9	69	25	2
9	70	25	2
9	71	5	1
9	72	2	0
9	73	12	0
9	81	8	1
9	82	8	1
9	83	16	0
9	85	15	2
9	87	17	0
9	89	28	1
9	91	24	0
9	92	8	0
9	95	12	2
9	96	19	1
9	99	1	0
10	3	19	1
10	5	1	2
10	7	23	0
10	9	9	2
10	12	3	1
10	16	13	0
10	17	16	1
10	18	7	2
10	19	22	2
10	20	13	0
10	21	14	1
10	22	15	1
10	24	9	1
10	25	12	2
10	29	1	1
10	33	22	1
10	34	25	2
10	35	0	2
10	37	7	2
10	38	4	2
10	40	28	0
10	41	10	1
10	42	17	2
10	43	12	1
10	45	4	1
10	46	5	2
10	47	4	1
10	55	25	0
10	56	8	0
10	57	10	1
10	61	15	0
10	62	5	1
10	64	21	2
10	66	26	0
10	67	22	1
10	70	7	0
10	71	19	0
10	72	28	1
10	75	25	1
10	76	18	0
10	87	6	0
10	89	5	1
10	94	11	2
10	95	8	1
10	98	22	1
10	99	3	1
11	3	10	2
11	4	25	0
11	7	6	1
11	8	29	0
11	13	0	0
11	15	7	1
11	17	16	2
11	31	0	0
11	34	17	0
11	37	16	2
11	38	12	0
11	41	15	0
11	42	0	1
11	43	16	0
11	47	25	0
11	52	19	2
11	57	18	2
11	59	11	0
11	60	0	1
11	63	14	0
11	65	5	1
11	67	3	0
11	68	17	1
11	73	7	1
11	74	20	0
11	75	17	0
11	77	27	0
11	78	9	2
11	81	18	0
11	82	21	1
11	84	4	1
11	87	4	2
11	88	21	0
11	89	0	2
11	95	20	0
11	96	0	0
11	97	12	1
11	99	4	1
12	1	17	2
12	4	11	1
12	8	19	0
12	10	3	1
12	18	22	1
12	19	2	1
12	22	1	2
12	23	2	2
12	25	4	1
12	26	10	2
12	27	19	0
12	29	12	1
12	30	14	2
12	32	16	0
12	34	1	2
12	37	21	0
12	39	18	0
12	41	9	2
12	44	0	2
12	46	14	2
12	47	13	0
12	49	5	1
12	51	25	1
12	53	29	2
12	54	28	1
12	59	15	1
12	60	28	1
12	65	22	1
12	68	25	0
12	70	7	2
12	73	17	0
12	75	20	0
12	76	23	0
12	78	25	2
12	79	11	0
12	82	5	1
12	83	20	1
12	84	27	2
12	85	4	1
12	86	26	0
12	87	3	0
12	89	3	1
12	90	16	1
12	91	2	0
12	92	22	2
12	96	15	0
12	99	4	2
13	7	4	2
13	8	14	2
13	11	0	0
13	15	27	2
13	17	12	2
13	18	25	2
13	19	22	1
13	21	7	1
13	22	21	1
13	23	24	1
13	25	4	1
13	27	23	0
13	30	2	2
13	31	3	1
13	32	9	1
13	33	20	2
13	34	13	1
13	35	17	2
13	36	11	0
13	38	6	2
13	39	27	0
13	40	13	2
13	42	8	0
13	47	24	0
13	48	20	1
13	50	23	2
13	51	1	2
13	52	22	2
13	53	29	1
13	54	12	2
13	55	16	0
13	56	11	0
13	57	23	2
13	58	15	1
13	60	18	2
13	63	20	2
13	66	9	0
13	68	5	2
13	70	20	2
13	71	3	2
13	76	29	1
13	78	5	2
13	83	11	2
13	86	14	2
13	87	14	2
13	89	5	2
13	90	8	2
13	91	28	2
13	92	4	2
13	96	22	2
13	99	23	1
14	0	0	0
14	2	20	1
14	5	5	0
14	6	20	2
14	7	11	2
14	9	9	0
14	17	2	2
14	19	24	2
14	20	9	1
14	22	10	1
14	24	23	0
14	26	16	2
14	28	15	1
14	29	27	2
14	32	29	0
14	34	20	2
14	39	15	0
14	41	19	1
14	42	20	0
14	46	18	2
14	47	23	0
14	48	29	2
14	51	3	1
14	52	7	2
14	54	13	1
14	57	19	2
14	58	17	2
14	59	13	1
14	61	8	2
14	62	22	1
14	64	1	0
14	73	24	0
14	74	13	0
14	79	4	2
14	80	22	2
14	84	24	2
14	85	1	1
14	87	22	2
14	88	29	0
14	91	21	2
14	92	2	2
14	93	22	0
14	95	23	0
14	98	27	1
15	0	23	2
15	4	22	2
15	7	0	1
15	8	14	0
15	9	23	2
15	11	7	1
15	13	27	2
15	17	9	1
15	18	22	2
15	20	9	1
15	22	13	1
15	24	15	1
15	28	4	2
15	30	13	2
15	31	29	2
15	32	22	1
15	33	17	2
15	36	24	2
15	37	26	1
15	39	5	0
15	40	7	2
15	43	1	1
15	44	13	1
15	45	12	2
15	48	1	0
15	50	25	1
15	51	28	0
15	52	25	1
15	55	16	2
15	56	1	0
15	58	5	2
15	64	9	1
15	69	0	2
15	71	7	0
15	74	16	1
15	76	17	1
15	77	20	0
15	78	21	1
15	79	22	0
15	83	24	1
15	87	5	0
15	88	3	0
15	89	11	0
15	93	15	1
15	94	21	2
15	95	22	0
15	96	23	0
15	97	1	1
15	98	12	0
16	0	20	2
16	2	24	2
16	3	20	0
16	6	7	0
16	10	13	0
16	21	29	0
16	22	22	1
16	23	18	2
16	24	18	2
16	30	28	0
16	31	11	2
16	33	7	0
16	37	7	2
16	39	15	2
16	40	22	2
16	42	28	2
16	43	13	2
16	44	9	2
16	45	4	2
16	47	9	1
16	49	7	2
16	52	0	1
16	53	2	2
16	54	12	1
16	56	24	0
16	57	15	1
16	58	7	2
16	59	16	0
16	60	28	1
16	62	4	0
16	66	16	1
16	67	27	0
16	68	23	1
16	72	29	2
16	75	12	2
16	76	28	0
16	79	22	2
16	81	26	2
16	85	20	0
16	86	2	1
16	89	8	0
16	91	14	2
16	92	5	1
16	94	8	0
16	96	7	2
16	98	5	1
16	99	21	2
17	0	12	2
17	1	9	0
17	3	9	2
17	4	15	2
17	5	1	1
17	6	9	0
17	8	5	1
17	9	11	0
17	10	16	1
17	11	16	2
17	13	12	2
17	14	2	2
17	15	9	1
17	18	26	2
17	22	20	1
17	23	18	1
17	24	28	1
17	25	24	1
17	27	26	0
17	28	9	0
17	29	21	0
17	30	5	0
17	35	16	1
17	36	18	0
17	37	11	0
17	38	9	2
17	42	6	2
17	44	12	0
17	45	24	1
17	47	15	2
17	50	10	1
17	52	14	0
17	53	13	0
17	54	25	2
17	55	16	2
17	56	27	2
17	58	12	2
17	60	17	1
17	63	29	2
17	64	9	1
17	65	16	1
17	66	9	0
17	67	29	2
17	73	26	0
17	74	8	1
17	75	1	0
17	77	28	0
17	79	0	0
17	81	15	2
17	82	25	2
17	83	20	1
17	86	26	0
17	87	27	1
17	88	16	0
17	92	29	0
17	94	7	2
17	97	7	0
18	5	10	2
18	6	27	2
18	9	18	2
18	10	7	2
18	12	22	1
18	13	25	2
18	15	22	2
18	17	26	2
18	19	19	0
18	21	23	1
18	22	21	0
18	25	25	0
18	26	22	2
18	30	14	0
18	31	25	1
18	32	25	2
18	33	19	0
18	36	22	1
18	38	17	2
18	40	25	1
18	41	21	1
18	43	20	1
18	44	25	1
18	45	2	1
18	48	1	2
18	50	25	1
18	51	17	0
18	52	27	2
18	53	19	0
18	55	14	2
18	56	24	1
18	58	4	0
18	59	20	2
18	61	25	0
18	62	29	0
18	63	2	0
18	64	1	0
18	68	18	0
18	74	26	0
18	76	3	2
18	78	18	0
18	79	7	1
18	82	13	2
18	86	17	1
18	87	23	0
18	88	17	0
18	90	26	0
18	93	25	0
18	96	0	0
18	97	26	0
18	98	29	1
18	99	11	2
19	0	1	2
19	2	12	1
19	3	14	1
19	4	24	0
19	5	3	0
19	6	26	2
19	10	22	2
19	12	2	1
19	13	22	1
19	14	24	2
19	18	19	0
19	22	14	1
19	26	24	2
19	27	15	1
19	28	21	0
19	30	2	2
19	32	11	2
19	33	18	0
19	40	18	2
19	48	6	1
19	49	23	2
19	50	15	2
19	51	4	2
19	53	26	1
19	55	23	1
19	56	26	2
19	57	27	0
19	59	2	1
19	60	17	0
19	64	13	1
19	66	8	2
19	67	14	0
19	68	29	2
19	69	20	2
19	70	14	1
19	71	22	0
19	72	25	2
19	73	27	2
19	74	14	2
19	75	6	2
19	76	7	0
19	77	28	0
19	79	19	2
19	80	19	1
19	82	29	1
19	84	5	2
19	85	3	1
19	86	6	0
19	87	19	2
19	89	9	0
19	90	27	1
19	92	26	2
19	94	4	1
19	95	2	1
19	96	25	1
19	97	21	1
20	0	0	1
20	5	10	0
20	7	5	2
20	8	16	2
20	10	13	0
20	14	9	1
20	15	9	1
20	23	21	2
20	24	22	0
20	26	8	2
20	28	26	0
20	29	2	2
20	32	27	1
20	36	11	1
20	37	7	0
20	40	7	0
20	43	13	0
20	44	15	2
20	45	14	1
20	47	7	1
20	48	9	1
20	49	5	1
20	50	16	2
20	51	21	1
20	54	7	2
20	58	20	1
20	60	8	2
20	61	23	0
20	64	29	2
20	66	4	0
20	68	24	2
20	72	12	1
20	73	18	1
20	74	0	0
20	75	26	1
20	77	8	1
20	78	24	1
20	79	6	0
20	80	16	1
20	81	18	1
20	82	17	2
20	85	2	0
20	86	22	0
20	87	0	0
20	88	11	0
20	90	11	0
20	92	17	2
20	93	7	1
20	94	27	0
20	97	28	2
20	99	22	0
21	2	28	1
21	5	21	0
21	7	2	0
21	8	5	0
21	9	6	1
21	10	14	1
21	13	7	1
21	16	29	0
21	18	23	1
21	23	21	2
21	24	10	0
21	25	17	1
21	26	20	0
21	27	14	1
21	28	4	2
21	29	14	1
21	31	15	1
21	32	18	1
21	38	20	1
21	41	13	2
21	42	4	0
21	43	27	1
21	44	10	2
21	45	4	0
21	46	8	0
21	49	18	1
21	53	10	1
21	54	15	0
21	57	22	1
21	58	27	2
21	63	10	2
21	64	19	2
21	65	21	0
21	66	23	1
21	67	8	2
21	68	26	2
21	70	12	2
21	71	7	1
21	74	25	1
21	79	10	2
21	80	3	2
21	85	12	1
21	86	12	0
21	87	5	2
21	88	25	0
21	91	11	1
21	92	0	2
21	93	21	0
21	94	23	2
21	95	23	2
21	96	27	0
21	97	17	2
21	98	18	1
22	1	4	1
22	2	7	1
22	4	8	0
22	5	27	0
22	6	23	0
22	7	10	0
22	8	5	1
22	10	15	1
22	12	1	2
22	13	21	1
22	14	10	1
22	15	13	1
22	16	22	1
22	17	20	1
22	18	21	0
22	19	14	1
22	23	19	2
22	28	17	2
22	35	2	1
22	37	15	1
22	39	17	0
22	44	9	2
22	45	25	2
22	47	2	0
22	48	1	2
22	51	18	1
22	53	4	2
22	55	18	1
22	58	25	2
22	59	9	0
22	61	7	2
22	62	12	2
22	63	20	1
22	64	7	1
22	66	16	2
22	67	18	1
22	68	28	1
22	71	21	0
22	72	20	0
22	73	13	2
22	74	8	1
22	75	17	2
22	78	1	1
22	80	11	2
22	81	15	0
22	85	9	1
22	87	14	2
22	89	27	2
22	91	12	1
22	95	21	2
22	96	13	1
22	98	12	0
23	1	0	1
23	2	23	1
23	3	2	0
23	5	6	1
23	8	0	1
23	9	14	0
23	12	2	2
23	13	24	1
23	16	18	2
23	17	18	1
23	20	21	2
23	21	21	2
23	22	19	2
23	24	17	0
23	25	19	0
23	33	0	0
23	34	14	2
23	35	9	0
23	41	25	0
23	42	26	0
23	43	21	2
23	44	29	1
23	47	9	1
23	49	18	0
23	50	19	2
23	52	21	0
23	53	25	2
23	54	5	2
23	55	18	0
23	57	21	1
23	62	25	1
23	63	4	0
23	66	20	0
23	67	8	0
23	68	3	2
23	72	25	2
23	73	15	2
23	74	20	1
23	75	29	0
23	77	4	2
23	78	13	1
23	80	28	2
23	82	15	1
23	84	22	2
23	85	28	0
23	88	22	0
23	89	14	2
23	90	3	1
23	91	14	2
23	93	12	0
23	94	26	0
23	95	29	0
23	96	1	0
23	98	9	2
24	0	21	1
24	1	22	2
24	3	26	1
24	4	12	0
24	7	26	0
24	10	9	1
24	14	23	0
24	15	15	1
24	16	18	2
24	17	28	1
24	20	22	0
24	21	10	0
24	23	17	0
24	25	19	1
24	26	20	1
24	27	26	2
24	29	15	1
24	31	22	1
24	33	10	2
24	34	10	0
24	36	28	2
24	47	9	2
24	54	0	1
24	55	3	0
24	57	12	2
24	61	12	1
24	63	26	2
24	66	13	1
24	67	25	1
24	68	5	2
24	70	25	0
24	73	18	1
24	74	17	1
24	75	18	2
24	78	10	0
24	79	14	1
24	80	21	0
24	82	25	0
24	83	26	0
24	91	18	0
24	92	25	2
24	93	11	0
24	95	21	0
24	97	17	2
24	98	14	1
24	99	14	1
25	2	25	2
25	5	22	2
25	7	9	2
25	9	23	0
25	10	12	2
25	12	4	1
25	13	4	1
25	17	24	1
25	18	25	0
25	21	17	1
25	23	19	0
25	24	19	1
25	26	13	0
25	27	18	0
25	29	4	0
25	32	4	2
25	33	2	1
25	34	13	0
25	35	0	1
25	37	28	1
25	38	26	1
25	41	12	1
25	43	17	1
25	44	19	1
25	45	3	2
25	47	22	2
25	51	19	2
25	52	29	0
25	53	28	2
25	54	20	1
25	59	26	2
25	60	18	2
25	61	22	1
25	62	11	2
25	63	24	0
25	64	7	1
25	67	22	1
25	69	7	2
25	70	17	2
25	71	9	2
25	72	13	0
25	73	9	0
25	74	12	1
25	77	22	1
25	78	15	0
25	82	10	1
25	86	12	0
25	87	1	1
25	88	8	0
25	91	9	0
25	94	9	1
25	97	21	1
25	98	23	0
25	99	22	1
26	4	18	2
26	5	21	1
26	7	7	0
26	12	10	2
26	14	16	2
26	18	22	2
26	19	24	2
26	20	8	2
26	21	20	0
26	24	20	1
26	25	13	0
26	28	26	2
26	30	0	0
26	32	2	2
26	33	15	0
26	35	3	2
26	36	8	0
26	37	23	1
26	38	10	0
26	40	24	0
26	41	18	1
26	42	16	1
26	43	24	2
26	44	3	2
26	48	3	2
26	50	25	2
26	51	15	1
26	54	18	0
26	58	23	1
26	60	28	0
26	61	13	1
26	62	29	0
26	65	19	1
26	66	4	2
26	67	8	2
26	68	3	1
26	70	24	0
26	73	26	2
26	75	10	2
26	78	15	0
26	82	1	0
26	83	22	0
26	89	9	0
26	90	6	0
26	92	17	0
26	93	11	0
26	94	3	2
26	96	18	2
26	97	12	1
27	2	26	2
27	5	7	0
27	6	10	2
27	7	27	2
27	8	27	2
27	12	19	0
27	13	23	0
27	17	26	0
27	19	15	1
27	21	14	1
27	24	26	2
27	25	18	0
27	28	7	1
27	30	2	1
27	32	18	0
27	33	8	2
27	34	11	0
27	36	2	0
27	37	6	1
27	39	10	0
27	40	22	0
27	41	13	1
27	42	0	0
27	44	11	2
27	47	23	2
27	55	16	0
27	56	21	2
27	57	19	0
27	62	22	2
27	64	16	2
27	66	20	1
27	67	29	2
27	70	7	1
27	71	3	1
27	73	25	0
27	75	8	1
27	76	13	0
27	77	27	0
27	81	21	0
27	82	15	1
27	86	5	0
27	87	0	1
27	90	16	2
27	92	15	0
27	94	4	0
27	95	12	2
27	96	22	2
27	97	19	0
27	98	16	0
28	1	11	1
28	2	25	2
28	5	23	1
28	8	5	1
28	9	15	2
28	14	15	1
28	15	4	2
28	17	9	0
28	19	21	0
28	20	26	0
28	21	4	2
28	22	17	2
28	26	26	2
28	27	7	1
28	31	24	2
28	34	16	1
28	35	29	1
28	43	10	1
28	44	28	1
28	46	13	2
28	47	18	0
28	48	16	1
28	49	7	0
28	50	12	0
28	51	11	1
28	52	4	0
28	55	29	1
28	56	29	0
28	57	22	2
28	58	18	0
28	60	7	2
28	63	17	2
28	68	17	1
28	75	28	0
28	76	13	0
28	77	24	0
28	80	1	2
28	82	2	1
28	83	21	1
28	84	5	1
28	85	22	2
28	86	17	2
28	87	0	1
28	88	29	2
28	89	18	0
28	91	8	1
28	94	2	0
28	95	16	0
28	97	25	1
29	1	0	1
29	2	15	0
29	3	16	0
29	5	19	1
29	7	24	0
29	8	9	1
29	10	1	1
29	12	12	1
29	14	27	2
29	17	21	0
29	20	2	2
29	21	14	1
29	24	15	1
29	25	4	0
29	32	23	2
29	35	25	1
29	40	17	0
29	41	3	0
29	43	21	2
29	45	1	0
29	47	9	1
29	48	18	2
29	49	9	2
29	52	18	1
29	54	18	0
29	62	15	0
29	63	23	2
29	70	5	0
29	72	11	0
29	73	3	1
29	75	4	2
29	76	11	0
29	78	12	2
29	81	14	1
29	83	24	1
29	84	11	2
29	85	9	0
29	87	26	0
29	89	3	1
29	90	20	1
29	91	14	1
29	92	29	1
29	94	7	1
29	95	28	0
29	96	4	1
29	97	24	1
29	99	11	0
30	5	29	0
30	6	16	0
30	7	2	2
30	12	14	2
30	13	2	2
30	15	13	2
30	16	28	0
30	17	5	0
30	18	14	0
30	19	2	2
30	26	0	0
30	27	2	1
30	36	20	2
30	37	24	1
30	41	24	0
30	42	26	1
30	45	28	2
30	47	25	2
30	49	28	2
30	50	8	0
30	51	10	1
30	53	22	1
30	54	11	1
30	56	26	2
30	57	25	1
30	61	26	0
30	65	21	0
30	68	21	0
30	69	14	2
30	71	22	1
30	74	3	2
30	75	25	0
30	78	13	1
30	79	7	1
30	80	0	0
30	81	29	1
30	82	10	0
30	84	7	1
30	85	0	0
30	88	24	2
30	92	11	0
30	93	1	2
30	94	2	2
30	95	0	1
30	98	18	1
30	99	22	0
31	0	10	2
31	1	7	1
31	2	28	1
31	3	3	2
31	4	19	2
31	5	24	0
31	6	17	2
31	7	12	0
31	11	0	0
31	13	3	1
31	15	29	2
31	16	11	2
31	18	25	1
31	21	15	1
31	24	22	1
31	28	24	2
31	35	2	1
31	36	0	0
31	37	6	2
31	39	26	0
31	40	29	2
31	42	23	0
31	43	7	1
31	44	4	2
31	47	13	1
31	48	6	1
31	51	4	2
31	52	6	1
31	54	16	1
31	56	20	2
31	58	6	1
31	59	12	2
31	65	12	2
31	66	26	0
31	67	18	1
31	72	25	0
31	73	3	1
31	75	1	0
31	76	9	2
31	80	1	0
31	81	28	2
31	84	0	2
31	85	27	0
31	87	19	0
31	88	6	2
31	90	9	0
31	91	17	1
31	92	3	0
31	94	19	1
31	97	20	1
32	2	19	2
32	3	10	2
32	4	4	0
32	5	0	1
32	7	17	2
32	9	24	0
32	12	16	0
32	13	9	1
32	14	29	0
32	15	22	1
32	18	25	2
32	19	11	2
32	20	27	1
32	21	18	1
32	25	4	2
32	26	2	2
32	27	18	0
32	29	23	2
32	33	16	0
32	34	27	2
32	35	19	1
32	40	28	2
32	41	9	1
32	42	28	1
32	43	26	2
32	44	27	2
32	46	0	1
32	50	11	0
32	54	16	0
32	55	29	0
32	56	14	2
32	58	12	2
32	60	21	1
32	61	11	0
32	65	14	0
32	69	2	1
32	71	8	2
32	73	3	1
32	76	7	0
32	78	25	1
32	79	3	1
32	80	7	1
32	81	14	2
32	84	2	1
32	85	10	1
32	86	20	1
32	89	17	1
32	91	13	0
32	97	3	0
32	99	27	1
33	3	18	2
33	4	3	0
33	5	19	0
33	6	2	0
33	7	19	0
33	8	28	2
33	9	1	1
33	10	22	1
33	13	20	2
33	15	17	2
33	16	7	0
33	18	19	0
33	19	18	0
33	23	0	0
33	24	10	2
33	25	2	1
33	26	15	0
33	27	8	2
33	32	16	0
33	34	11	2
33	35	18	0
33	39	0	1
33	41	10	2
33	45	19	2
33	46	27	0
33	47	7	0
33	49	3	0
33	52	20	1
33	53	1	2
33	56	25	1
33	60	7	1
33	65	9	0
33	66	19	2
33	67	22	2
33	70	26	0
33	71	12	1
33	72	0	1
33	74	28	2
33	76	21	1
33	77	17	1
33	78	22	0
33	79	29	1
33	80	8	0
33	81	6	0
33	83	13	2
33	86	13	2
33	88	8	1
33	90	5	0
33	91	5	2
33	92	9	0
33	93	9	2
33	94	22	2
33	95	7	0
33	96	12	1
33	97	12	1
34	1	26	2
34	3	1	2
34	4	2	2
34	7	20	0
34	10	25	2
34	11	17	0
34	12	1	2
34	13	13	1
34	14	20	2
34	23	14	2
34	24	10	0
34	25	13	0
34	27	11	0
34	28	16	1
34	32	27	2
34	33	11	2
34	36	20	2
34	37	4	2
34	41	3	0
34	45	10	0
34	46	11	2
34	47	10	0
34	49	20	0
34	51	12	0
34	52	22	1
34	55	1	0
34	62	11	2
34	65	18	2
34	66	26	0
34	69	3	0
34	71	12	0
34	74	12	1
34	75	28	0
34	76	7	0
34	77	6	0
34	79	23	2
34	80	29	1
34	83	22	0
34	87	20	2
34	88	27	1
34	89	26	2
34	93	7	0
34	95	5	2
34	96	17	2
34	97	23	0
34	98	20	0
35	5	8	0
35	6	5	1
35	9	23	1
35	10	0	2
35	13	17	2
35	17	16	1
35	22	2	1
35	23	9	0
35	25	0	1
35	26	3	2
35	28	29	1
35	29	25	1
35	31	2	1
35	32	19	1
35	33	18	0
35	39	23	0
35	40	22	0
35	41	7	1
35	44	18	2
35	46	25	1
35	49	15	2
35	50	27	1
35	52	28	2
35	54	19	2
35	56	29	2
35	59	10	1
35	62	24	1
35	63	9	0
35	65	14	1
35	66	9	2
35	67	13	0
35	71	20	0
35	72	29	1
35	76	7	1
35	78	14	1
35	81	22	0
35	82	1	2
35	85	11	0
35	86	28	0
35	88	8	2
35	91	28	1
35	92	13	2
35	93	19	2
35	95	3	0
35	96	14	2
35	97	21	2
35	98	6	2
36	1	13	1
36	4	12	2
36	6	11	2
36	9	12	0
36	13	11	0
36	15	24	2
36	17	18	0
36	18	22	1
36	20	11	1
36	24	28	2
36	26	8	0
36	27	2	0
36	30	20	2
36	31	0	0
36	34	20	2
36	39	7	2
36	41	17	2
36	42	14	1
36	43	2	0
36	45	4	0
36	48	11	2
36	52	5	1
36	54	13	0
36	55	10	2
36	57	23	2
36	61	19	0
36	62	14	2
36	64	0	0
36	67	21	0
36	68	17	0
36	70	15	2
36	72	2	1
36	73	20	0
36	76	9	1
36	78	10	2
36	84	11	1
36	85	28	2
36	87	27	0
36	93	2	2
36	96	16	0
36	98	9	2
37	1	14	0
37	2	22	2
37	3	0	0
37	5	10	1
37	6	10	0
37	7	25	2
37	10	7	2
37	11	16	2
37	12	21	0
37	15	26	1
37	16	7	2
37	17	11	0
37	20	7	0
37	22	15	1
37	25	28	1
37	26	23	1
37	27	6	1
37	30	24	1
37	31	6	2
37	34	4	2
37	39	5	0
37	41	29	1
37	42	0	2
37	43	1	2
37	47	0	1
37	49	25	0
37	53	24	0
37	54	14	0
37	55	9	1
37	58	29	1
37	59	4	0
37	60	27	0
37	63	5	2
37	74	8	0
37	79	1	2
37	82	2	1
37	83	24	1
37	86	23	2
37	87	21	2
37	88	21	1
37	91	20	1
37	94	25	0
37	97	17	2
37	98	13	0
37	99	21	2
38	3	23	2
38	7	24	0
38	8	21	1
38	10	4	2
38	11	12	0
38	13	6	2
38	17	9	2
38	18	17	2
38	21	20	1
38	25	26	1
38	26	10	0
38	39	13	0
38	41	15	0
38	42	18	1
38	43	6	2
38	44	25	0
38	45	8	2
38	46	22	2
38	47	29	2
38	48	28	1
38	49	19	1
38	50	18	2
38	51	1	2
38	53	23	2
38	56	12	2
38	59	25	2
38	61	1	1
38	63	25	1
38	64	13	0
38	67	18	1
38	68	28	2
38	70	20	2
38	74	9	1
38	75	24	2
38	76	27	2
38	77	26	2
38	78	21	2
38	79	22	2
38	80	18	2
38	81	23	2
38	82	8	0
38	83	22	0
38	84	12	1
38	85	5	1
38	87	28	2
38	88	12	1
38	89	20	0
38	90	23	1
38	94	4	1
38	95	5	1
38	96	1	2
38	98	12	0
38	99	7	2
39	0	12	0
39	1	3	0
39	2	3	0
39	3	5	2
39	4	11	1
39	8	19	2
39	12	18	0
39	13	27	0
39	14	15	0
39	15	5	0
39	16	15	2
39	22	17	0
39	27	10	0
39	31	26	0
39	33	0	1
39	35	23	0
39	36	7	2
39	37	5	0
39	38	13	0
39	40	15	0
39	42	2	1
39	43	9	2
39	44	19	0
39	45	8	2
39	47	6	0
39	48	14	2
39	52	0	1
39	53	19	1
39	55	7	2
39	56	11	0
39	63	8	1
39	64	26	0
39	66	9	0
39	67	18	0
39	69	17	0
39	71	20	1
39	72	7	1
39	74	27	0
39	77	3	2
39	78	1	1
39	82	7	1
39	86	6	1
39	87	19	0
39	89	14	1
39	91	1	1
39	92	11	1
39	93	0	2
39	96	15	2
39	98	11	0
39	99	19	0
40	0	29	0
40	1	0	2
40	2	6	2
40	4	26	2
40	5	1	2
40	8	9	1
40	9	20	0
40	10	28	0
40	13	13	2
40	15	7	2
40	16	22	2
40	18	25	1
40	19	18	2
40	20	7	0
40	26	24	0
40	27	22	0
40	29	17	0
40	31	29	2
40	32	28	2
40	35	22	0
40	39	15	0
40	42	16	2
40	45	8	0
40	46	8	1
40	47	11	2
40	48	0	0
40	50	1	0
40	51	12	2
40	52	5	0
40	53	8	0
40	55	8	1
40	57	22	1
40	58	27	2
40	60	20	2
40	62	28	1
40	64	29	1
40	65	24	2
40	67	0	2
40	69	18	0
40	71	3	2
40	72	1	1
40	73	29	0
40	74	18	0
40	75	19	2
40	80	29	0
40	81	18	0
40	82	22	2
40	84	11	2
40	85	3	1
40	86	16	2
40	89	21	2
40	92	18	0
40	94	13	2
40	98	8	2
41	0	19	0
41	3	17	0
41	5	25	1
41	8	1	0
41	10	10	1
41	11	15	0
41	12	9	2
41	14	19	1
41	18	21	1
41	21	13	2
41	23	25	0
41	25	12	1
41	26	18	1
41	27	13	1
41	29	3	0
41	30	24	0
41	32	9	1
41	33	10	2
41	34	3	0
41	35	7	1
41	36	17	2
41	37	29	1
41	38	15	0
41	43	25	2
41	45	6	0
41	46	11	2
41	47	28	2
41	48	5	1
41	54	25	2
41	55	10	2
41	58	15	2
41	64	16	2
41	65	11	0
41	66	8	1
41	68	5	1
41	69	7	2
41	73	2	2
41	75	9	0
41	76	10	2
41	77	21	2
41	79	2	2
41	80	2	0
41	84	20	0
41	85	0	2
41	89	4	0
41	90	26	0
41	91	1	0
41	94	29	2
41	98	24	2
41	99	4	1
42	1	14	0
42	4	29	2
42	5	2	0
42	7	9	2
42	8	3	1
42	9	16	0
42	10	17	2
42	11	0	1
42	13	8	0
42	14	20	0
42	16	28	2
42	17	6	2
42	21	4	0
42	23	26	0
42	26	16	1
42	27	0	0
42	30	26	1
42	31	23	0
42	32	28	1
42	36	14	1
42	37	0	2
42	38	18	1
42	39	2	1
42	40	16	2
42	43	8	0
42	45	12	1
42	46	17	2
42	48	27	1
42	49	4	0
42	50	26	1
42	51	7	2
42	52	14	1
42	54	22	1
42	55	11	0
42	58	7	1
42	59	13	2
42	60	16	2
42	62	12	2
42	63	25	2
42	66	8	2
42	67	3	0
42	69	11	0
42	71	24	1
42	72	28	0
42	73	28	2
42	76	17	2
42	77	10	0
42	78	14	1
42	79	18	1
42	80	2	0
42	81	13	2
42	82	3	2
42	83	29	0
42	86	22	2
42	88	0	2
42	90	25	0
42	93	18	0
42	94	24	0
42	95	11	1
42	96	3	2
42	99	26	2
43	0	27	1
43	2	24	2
43	3	7	0
43	6	21	1
43	10	12	1
43	11	16	0
43	15	1	1
43	16	13	2
43	18	20	1
43	20	13	0
43	21	27	1
43	23	21	2
43	25	17	1
43	26	24	2
43	28	10	1
43	29	21	2
43	31	7	1
43	32	26	2
43	36	2	0
43	37	1	2
43	38	6	2
43	39	9	2
43	41	25	2
43	42	8	0
43	45	19	0
43	46	3	2
43	47	15	0
43	54	19	2
43	55	19	1
43	56	9	0
43	58	17	0
43	59	3	2
43	61	11	0
43	65	10	0
43	66	0	2
43	67	0	1
43	68	17	1
43	71	4	1
43	72	4	0
43	73	10	1
43	74	10	2
43	75	13	2
43	76	0	1
43	77	17	0
43	78	18	1
43	79	1	0
43	80	25	2
43	81	11	0
43	82	29	0
43	83	3	0
43	85	6	2
43	86	24	1
43	88	17	0
43	89	12	0
43	90	28	1
43	92	16	2
43	93	15	0
43	94	11	1
43	96	11	1
43	97	16	2
43	98	13	0
44	1	17	2
44	3	9	1
44	6	26	0
44	7	22	2
44	12	0	2
44	15	13	1
44	16	9	2
44	17	12	0
44	18	25	1
44	20	15	2
44	21	10	2
44	22	9	2
44	23	29	1
44	25	19	1
44	26	3	2
44	27	11	2
44	28	28	1
44	31	4	2
44	32	27	2
44	35	18	2
44	38	25	0
44	39	19	0
44	47	8	0
44	48	2	2
44	50	27	1
44	53	24	1
44	54	15	1
44	56	8	2
44	58	14	0
44	60	1	2
44	63	2	0
44	66	10	2
44	68	1	0
44	70	0	1
44	71	28	1
44	73	2	2
44	75	2	0
44	79	19	1
44	81	23	1
44	82	16	1
44	83	29	0
44	84	17	1
44	85	18	0
44	86	21	1
44	90	1	0
44	96	28	0
45	0	13	0
45	2	25	2
45	3	28	2
45	4	0	2
45	5	8	2
45	10	4	1
45	15	12	2
45	16	4	2
45	17	24	1
45	18	2	1
45	20	14	1
45	21	4	0
45	22	25	2
45	25	3	2
45	29	1	0
45	30	28	2
45	33	19	2
45	34	10	0
45	36	4	0
45	38	8	2
45	39	8	2
45	40	8	0
45	41	6	0
45	42	12	1
45	43	19	0
45	51	4	1
45	53	12	1
45	56	3	1
45	57	9	0
45	59	11	0
45	60	21	0
45	61	26	1
45	64	20	0
45	66	10	1
45	67	2	1
45	68	13	2
45	69	4	2
45	72	16	2
45	74	18	2
45	75	13	2
45	76	1	1
45	77	25	1
45	78	20	2
45	81	5	1
45	87	9	1
45	88	29	1
45	89	19	0
45	90	24	0
45	91	7	2
45	92	3	0
45	93	10	1
45	96	10	0
45	98	6	2
45	99	2	0
46	3	24	2
46	5	3	1
46	6	8	2
46	7	13	1
46	8	3	2
46	9	3	2
46	10	5	2
46	12	14	2
46	14	18	2
46	21	8	0
46	28	13	2
46	32	0	1
46	33	27	0
46	34	11	2
46	35	25	1
46	38	22	2
46	40	8	1
46	41	11	2
46	42	17	2
46	43	3	2
46	47	9	2
46	48	10	1
46	49	24	1
46	50	27	1
46	51	29	1
46	52	4	2
46	54	1	2
46	56	8	1
46	57	16	0
46	62	28	0
46	63	28	1
46	65	25	0
46	70	5	0
46	71	3	1
46	72	26	0
46	73	17	2
46	74	25	0
46	75	8	0
46	77	22	1
46	81	8	0
46	83	8	0
46	86	9	0
46	87	11	0
46	92	13	0
46	96	2	0
46	97	6	0
46	98	12	2
47	0	4	2
47	3	15	0
47	4	16	1
47	5	20	2
47	6	11	1
47	8	10	0
47	10	4	1
47	11	25	0
47	12	13	0
47	13	24	0
47	14	23	0
47	16	9	1
47	17	15	2
47	20	7	1
47	22	2	0
47	23	9	1
47	24	9	2
47	25	22	2
47	27	23	2
47	28	18	0
47	29	9	1
47	30	25	2
47	31	13	1
47	33	7	0
47	34	10	0
47	37	0	1
47	38	29	2
47	39	6	0
47	40	11	2
47	41	28	2
47	43	15	0
47	44	8	0
47	46	9	2
47	49	1	1
47	52	26	0
47	53	3	2
47	54	27	2
47	55	26	0
47	56	17	1
47	59	3	1
47	67	11	2
47	68	21	2
47	69	23	2
47	70	6	1
47	71	29	1
47	72	19	0
47	73	5	0
47	74	9	0
47	84	11	1
47	85	3	0
47	86	1	0
47	87	27	0
47	89	22	0
47	91	26	0
47	94	17	0
47	95	8	2
47	96	16	0
47	97	20	2
47	98	25	0
48	2	2	1
48	5	7	2
48	6	2	1
48	8	18	0
48	9	13	0
48	13	20	1
48	14	29	2
48	15	1	0
48	18	1	2
48	19	6	1
48	20	9	1
48	22	1	2
48	26	3	2
48	28	16	1
48	29	18	2
48	31	6	1
48	36	11	2
48	38	28	1
48	39	14	2
48	40	0	0
48	41	5	1
48	42	27	1
48	44	2	2
48	46	10	1
48	51	15	1
48	52	20	2
48	53	17	2
48	58	14	0
48	59	24	0
48	60	2	2
48	63	6	0
48	64	29	1
48	65	18	0
48	68	16	1
48	71	18	2
48	73	1	0
48	74	19	0
48	78	2	1
48	80	14	0
48	81	17	2
48	85	24	0
48	87	16	0
48	88	25	1
48	89	14	1
48	91	25	0
48	92	0	1
48	93	17	2
48	94	7	2
48	97	5	2
49	4	14	0
49	12	5	1
49	16	7	2
49	19	23	2
49	20	5	1
49	21	18	1
49	23	18	0
49	28	7	0
49	29	9	2
49	30	28	2
49	33	3	0
49	34	20	0
49	35	15	2
49	37	25	0
49	38	19	1
49	42	4	0
49	46	24	1
49	47	1	1
49	50	4	0
49	51	23	1
49	52	21	1
49	54	5	1
49	55	21	0
49	58	22	0
49	59	23	0
49	61	26	2
49	66	13	1
49	69	23	2
49	70	8	1
49	71	14	0
49	72	14	1
49	73	24	1
49	76	11	2
49	78	8	2
49	79	3	0
49	81	7	0
49	84	18	2
49	88	1	1
49	89	26	0
49	90	24	2
49	91	17	1
49	92	20	0
49	95	1	2
49	98	20	2
50	0	20	2
50	1	8	0
50	2	12	2
50	5	19	2
50	7	4	1
50	8	23	2
50	13	23	2
50	15	25	1
50	17	10	1
50	18	25	1
50	19	15	2
50	20	16	2
50	23	19	2
50	26	25	2
50	28	12	0
50	30	8	0
50	32	11	0
50	35	27	1
50	38	18	2
50	40	1	0
50	42	26	1
50	44	27	1
50	46	27	1
50	49	4	0
50	52	13	2
50	56	6	0
50	57	5	0
50	59	26	2
50	60	0	2
50	63	1	1
50	64	21	2
50	65	3	2
50	66	4	0
50	67	5	1
50	68	6	2
50	69	16	2
50	70	28	0
50	72	19	0
50	73	24	1
50	74	22	0
50	75	20	1
50	76	18	1
50	80	25	1
50	81	13	2
50	83	21	1
50	87	7	0
50	89	11	2
50	90	18	1
50	94	7	2
50	96	19	1
50	97	28	0
51	2	5	2
51	4	24	1
51	5	5	2
51	6	9	1
51	7	13	0
51	9	23	1
51	12	25	1
51	13	1	2
51	14	3	1
51	15	28	0
51	18	17	0
51	19	4	2
51	20	21	1
51	22	18	1
51	25	19	2
51	26	15	1
51	28	11	1
51	30	10	1
51	31	4	2
51	34	12	0
51	38	1	2
51	40	12	2
51	42	7	2
51	45	4	1
51	46	29	1
51	48	15	1
51	49	23	1
51	52	5	2
51	54	9	0
51	55	7	1
51	57	19	2
51	59	6	2
51	63	18	1
51	66	14	0
51	68	22	0
51	69	12	0
51	70	14	2
51	71	3	0
51	72	17	0
51	73	11	2
51	74	10	0
51	76	17	2
51	78	13	0
51	81	0	1
51	82	6	0
51	84	8	0
51	85	14	0
51	89	17	1
51	91	11	2
51	95	5	1
51	96	1	2
51	97	29	1
51	99	5	1
52	2	1	0
52	3	6	0
52	7	13	2
52	9	29	0
52	11	19	2
52	13	22	2
52	14	7	2
52	15	25	1
52	16	0	1
52	17	14	0
52	18	27	2
52	23	21	0
52	25	29	0
52	28	4	0
52	29	18	1
52	31	6	1
52	33	20	1
52	34	22	1
52	35	28	2
52	36	5	1
52	39	0	1
52	40	5	0
52	42	14	1
52	46	4	2
52	47	26	0
52	48	20	2
52	49	21	1
52	50	13	2
52	51	5	2
52	53	20	1
52	57	8	0
52	59	24	2
52	60	14	2
52	62	4	1
52	63	6	0
52	65	16	0
52	66	23	2
52	71	24	1
52	73	1	0
52	74	12	1
52	75	10	1
52	77	25	2
52	80	26	1
52	83	29	0
52	84	24	0
52	88	7	1
52	90	2	2
52	91	12	2
52	92	9	2
52	96	9	0
52	98	24	1
52	99	24	1
53	0	11	2
53	1	17	1
53	4	25	1
53	5	1	2
53	6	27	0
53	9	18	0
53	12	29	2
53	13	29	1
53	16	2	2
53	17	13	0
53	18	19	0
53	19	26	1
53	21	10	1
53	22	4	2
53	23	25	2
53	25	28	2
53	30	22	1
53	33	1	2
53	37	24	0
53	38	23	2
53	39	19	1
53	40	8	0
53	44	24	1
53	45	12	1
53	47	3	2
53	48	17	2
53	52	20	1
53	59	12	0
53	60	17	0
53	62	24	0
53	65	27	2
53	66	7	2
53	68	5	0
53	69	2	2
53	71	27	1
53	72	4	1
53	73	27	2
53	74	11	2
53	77	18	0
53	79	5	0
53	83	25	1
53	86	5	0
53	87	3	2
53	91	0	1
53	93	13	1
53	99	18	1
54	3	12	0
54	4	28	1
54	8	24	2
54	12	28	1
54	13	12	2
54	14	13	1
54	16	12	1
54	17	25	2
54	20	7	2
54	21	15	0
54	23	5	2
54	24	0	1
54	25	20	1
54	26	18	0
54	29	18	0
54	30	11	1
54	31	16	1
54	32	16	0
54	35	19	2
54	36	13	0
54	37	14	0
54	41	25	2
54	42	22	1
54	43	19	2
54	44	15	1
54	46	1	2
54	47	27	2
54	49	5	1
54	51	9	0
54	56	20	0
54	57	5	2
54	60	8	0
54	62	23	1
54	64	18	0
54	66	22	0
54	67	28	2
54	68	4	0
54	71	24	1
54	72	19	2
54	73	0	1
54	74	25	0
54	75	26	2
54	78	17	0
54	84	17	1
54	85	17	2
54	86	19	2
54	89	22	1
54	90	18	0
54	94	15	2
54	97	2	1
54	98	25	1
54	99	3	1
55	0	3	2
55	1	24	1
55	2	14	1
55	4	29	2
55	8	25	2
55	10	25	0
55	13	16	0
55	15	16	2
55	17	16	2
55	18	14	2
55	19	23	1
55	22	18	1
55	23	18	0
55	24	3	0
55	27	16	0
55	28	29	1
55	32	29	0
55	34	1	0
55	36	10	2
55	37	9	1
55	39	7	2
55	40	8	1
55	41	10	2
55	42	11	0
55	43	19	1
55	47	26	0
55	49	21	0
55	51	7	1
55	56	22	1
55	58	6	1
55	59	9	0
55	61	10	0
55	62	22	1
55	63	15	1
55	65	8	1
55	66	12	0
55	67	17	1
55	70	24	0
55	71	4	2
55	72	13	0
55	73	25	0
55	85	10	2
55	86	12	1
55	90	29	1
55	91	22	1
55	92	29	1
55	95	29	0
55	96	17	1
55	97	22	1
55	98	27	2
56	0	8	2
56	1	3	1
56	5	19	2
56	6	16	0
56	8	29	0
56	9	14	2
56	10	8	0
56	13	11	0
56	15	1	0
56	16	24	0
56	17	27	2
56	18	24	1
56	19	26	2
56	27	21	2
56	28	29	0
56	30	26	2
56	31	20	2
56	32	14	2
56	33	25	1
56	35	29	2
56	38	12	2
56	39	11	0
56	43	9	0
56	44	8	2
56	45	3	1
56	46	8	1
56	47	17	1
56	50	6	0
56	54	20	0
56	55	22	1
56	59	28	0
56	62	21	0
56	64	5	2
56	67	16	0
56	68	10	1
56	70	25	0
56	71	12	0
56	74	18	2
56	76	22	0
56	77	20	0
56	78	25	2
56	80	13	0
56	83	16	0
56	85	7	0
56	86	17	0
56	87	25	1
56	89	25	0
56	90	19	0
56	93	21	2
56	94	25	2
56	97	0	2
57	0	20	1
57	1	29	2
57	2	23	1
57	5	7	2
57	6	0	0
57	9	14	1
57	10	10	1
57	11	18	2
57	13	23	2
57	14	19	2
57	16	15	1
57	19	27	0
57	21	22	1
57	23	21	1
57	24	12	2
57	27	19	0
57	28	22	2
57	30	25	1
57	36	23	2
57	40	22	1
57	45	9	0
57	46	16	0
57	50	5	0
57	51	19	2
57	52	8	0
57	54	5	2
57	58	11	1
57	59	16	1
57	62	10	2
57	63	12	0
57	65	27	0
57	66	5	1
57	67	14	2
57	69	16	1
57	70	1	2
57	73	3	1
57	74	25	2
57	76	18	2
57	78	23	1
57	80	16	0
57	83	4	0
57	84	24	0
57	85	12	2
57	86	18	1
57	88	4	2
57	89	14	0
57	90	23	2
57	91	17	2
57	92	29	2
57	93	2	2
57	94	8	1
57	97	11	2
57	98	3	1
57	99	23	1
58	1	16	2
58	2	4	2
58	3	1	0
58	4	2	0
58	7	7	1
58	13	15	1
58	14	17	2
58	15	5	2
58	16	7	2
58	17	12	2
58	18	4	0
58	20	20	1
58	21	27	2
58	22	25	2
58	26	23	1
58	28	18	0
58	31	6	1
58	32	12	2
58	37	29	1
58	40	27	2
58	41	15	2
58	42	7	1
58	43	17	0
58	44	14	0
58	48	14	0
58	49	22	0
58	55	6	1
58	57	11	1
58	62	4	1
58	63	3	0
58	66	24	0
58	67	18	0
58	68	5	0
58	71	21	0
58	72	0	0
58	74	10	0
58	78	14	2
58	83	15	2
58	86	11	0
58	87	21	2
58	89	11	2
58	90	29	2
58	94	18	1
58	95	28	2
58	99	26	0
59	1	22	0
59	2	12	2
59	4	6	0
59	5	15	2
59	7	24	1
59	11	11	0
59	12	15	1
59	14	13	1
59	16	16	0
59	18	20	2
59	19	2	1
59	22	9	0
59	25	26	2
59	31	12	2
59	35	10	1
59	37	4	0
59	38	25	2
59	42	13	2
59	43	3	2
59	45	11	0
59	47	3	1
59	48	24	0
59	49	23	0
59	50	26	2
59	51	6	2
59	52	24	2
59	53	12	0
59	55	9	0
59	56	28	0
59	57	16	1
59	61	17	2
59	65	3	2
59	67	29	2
59	68	8	2
59	69	23	1
59	70	3	1
59	73	1	2
59	74	19	1
59	75	28	0
59	87	2	0
59	88	8	1
59	92	5	1
59	93	29	0
59	96	9	0
60	2	20	1
60	4	3	1
60	6	3	1
60	7	18	1
60	8	19	1
60	11	0	1
60	12	28	1
60	13	18	2
60	16	28	1
60	17	17	1
60	19	17	0
60	20	8	2
60	25	18	2
60	26	28	0
60	28	7	2
60	32	21	1
60	33	7	1
60	37	27	0
60	40	20	2
60	42	16	2
60	44	1	2
60	45	21	0
60	48	2	2
60	50	0	2
60	52	14	2
60	53	17	0
60	54	8	0
60	62	21	1
60	63	7	1
60	64	6	0
60	66	12	1
60	67	8	2
60	68	18	1
60	74	7	0
60	75	23	1
60	76	18	2
60	77	17	1
60	79	3	1
60	81	23	1
60	82	0	2
60	83	11	2
60	85	7	2
60	87	6	0
60	90	17	1
60	92	18	0
60	93	3	0
60	94	1	2
60	95	7	2
60	97	2	1
60	99	7	1
61	3	28	0
61	10	15	0
61	14	8	2
61	18	25	0
61	20	23	0
61	22	7	2
61	24	12	1
61	25	22	1
61	26	13	1
61	30	26	0
61	32	11	0
61	36	19	0
61	38	1	1
61	43	11	0
61	45	26	1
61	49	26	2
61	55	10	0
61	59	17	2
61	64	24	0
61	66	4	1
61	68	18	2
61	69	17	2
61	70	7	2
61	71	4	2
61	72	19	1
61	74	22	0
61	75	22	2
61	79	0	2
61	83	6	0
61	84	10	1
61	85	22	0
61	86	7	0
61	87	20	0
61	88	16	1
61	90	16	0
61	92	19	2
61	93	27	1
61	95	28	0
61	97	10	1
62	0	28	2
62	1	19	1
62	2	16	1
62	4	24	1
62	5	21	1
62	9	13	2
62	10	5	1
62	14	22	1
62	16	4	0
62	18	29	0
62	22	12	2
62	23	25	1
62	25	11	2
62	26	29	0
62	27	22	2
62	29	15	0
62	34	11	2
62	35	24	1
62	36	14	2
62	40	28	1
62	42	12	2
62	46	28	0
62	52	4	1
62	53	24	0
62	54	23	1
62	55	22	1
62	56	21	0
62	57	10	2
62	58	4	1
62	60	21	1
62	64	23	2
62	65	8	0
62	68	10	1
62	70	7	2
62	71	22	0
62	73	9	0
62	74	12	1
62	75	29	1
62	76	26	1
62	77	7	2
62	79	29	2
62	80	13	0
62	83	8	2
62	84	23	2
62	87	2	2
62	88	23	0
62	91	1	1
62	92	10	0
62	93	11	2
62	94	28	1
62	98	26	2
63	1	7	2
63	2	6	1
63	6	5	2
63	9	11	1
63	11	14	0
63	13	20	2
63	17	29	2
63	18	2	0
63	21	10	2
63	22	20	1
63	23	4	0
63	24	26	2
63	25	24	0
63	28	17	2
63	29	23	2
63	35	9	0
63	37	5	2
63	38	25	1
63	39	8	1
63	42	25	2
63	44	2	0
63	46	28	1
63	48	6	0
63	50	1	1
63	51	18	1
63	52	6	0
63	55	15	1
63	57	12	0
63	58	3	0
63	60	7	1
63	65	11	0
63	66	29	2
63	68	17	2
63	71	26	2
63	74	20	1
63	81	22	0
63	86	12	1
63	87	26	1
63	89	9	2
63	92	1	2
63	93	26	0
63	94	17	2
63	95	1	0
63	96	27	0
63	97	21	2
63	98	10	1
64	6	9	2
64	7	21	2
64	8	15	0
64	9	27	0
64	10	21	2
64	14	1	0
64	15	9	1
64	17	9	1
64	18	1	0
64	19	13	1
64	20	29	2
64	21	19	2
64	22	7	1
64	25	7	1
64	27	16	2
64	36	0	0
64	38	13	0
64	39	26	0
64	40	29	1
64	41	16	2
64	45	20	0
64	48	29	1
64	50	21	2
64	54	18	0
64	56	5	2
64	60	6	0
64	61	24	0
64	62	23	2
64	68	4	2
64	69	16	1
64	70	4	0
64	75	11	2
64	78	11	1
64	79	23	1
64	82	3	2
64	83	25	2
64	87	3	2
64	88	15	1
64	93	15	0
64	95	24	0
64	96	5	2
64	97	17	1
65	0	15	2
65	2	26	1
65	4	12	1
65	11	5	1
65	12	22	1
65	17	16	1
65	21	21	0
65	26	19	1
65	30	21	0
65	31	12	2
65	32	14	0
65	33	9	0
65	34	18	2
65	35	14	1
65	40	24	2
65	41	11	0
65	43	10	0
65	46	25	0
65	48	18	0
65	50	3	2
65	52	16	0
65	53	27	2
65	55	8	1
65	57	27	0
65	59	3	2
65	62	8	0
65	63	11	0
65	66	21	0
65	69	20	0
65	70	0	2
65	72	2	2
65	73	12	2
65	76	18	2
65	77	15	1
65	78	27	1
65	79	23	0
65	84	19	0
65	85	2	0
65	88	19	2
65	89	26	1
65	90	17	2
65	91	26	2
65	92	6	1
65	94	28	2
65	96	21	2
65	98	18	2
65	99	27	2
66	0	0	1
66	2	1	2
66	5	22	2
66	7	25	1
66	9	22	1
66	10	26	0
66	13	9	0
66	16	16	1
66	17	9	0
66	19	8	2
66	20	4	0
66	21	23	1
66	22	16	2
66	23	20	0
66	24	13	1
66	26	4	2
66	27	20	1
66	31	26	0
66	33	19	2
66	34	26	0
66	35	9	2
66	39	9	0
66	41	8	1
66	42	8	2
66	43	0	2
66	44	10	2
66	45	10	1
66	49	13	1
66	50	4	0
66	51	14	0
66	52	23	2
66	53	7	2
66	54	22	0
66	55	12	0
66	57	5	1
66	58	24	0
66	60	12	1
66	61	4	1
66	63	29	2
66	65	21	0
66	69	21	2
66	72	21	2
66	73	7	1
66	74	28	2
66	80	20	2
66	81	6	0
66	83	5	2
66	84	19	0
66	86	5	2
66	87	4	0
66	88	26	2
66	89	5	1
66	90	8	0
66	93	6	2
66	94	3	0
67	0	17	1
67	2	21	0
67	5	1	2
67	6	18	0
67	8	19	1
67	10	22	1
67	11	3	0
67	16	27	0
67	17	29	2
67	19	14	0
67	21	8	2
67	22	18	1
67	23	8	0
67	24	25	1
67	25	22	1
67	26	8	2
67	27	29	2
67	31	18	1
67	33	22	2
67	35	13	0
67	36	21	0
67	38	18	1
67	39	18	0
67	40	0	2
67	42	3	0
67	43	0	1
67	45	2	1
67	47	11	2
67	50	5	1
67	54	28	2
67	55	17	1
67	56	16	0
67	57	14	2
67	58	18	0
67	59	29	2
67	60	8	2
67	69	25	2
67	71	20	1
67	74	12	0
67	75	4	2
67	76	25	0
67	77	6	1
67	79	12	2
67	80	8	2
67	81	8	1
67	82	9	1
67	83	15	0
67	86	8	1
67	92	12	2
67	94	14	0
67	96	14	0
67	97	2	1
67	99	23	1
68	2	17	1
68	4	11	1
68	5	7	2
68	6	17	1
68	7	24	0
68	9	22	2
68	11	17	1
68	12	25	0
68	13	5	2
68	16	23	1
68	18	18	0
68	19	29	2
68	20	24	2
68	21	26	2
68	22	28	1
68	23	3	2
68	24	5	2
68	26	3	1
68	28	17	1
68	30	21	0
68	36	17	0
68	38	28	2
68	41	5	1
68	43	17	1
68	44	1	0
68	45	13	2
68	47	21	2
68	48	16	1
68	50	6	2
68	51	22	0
68	53	5	0
68	54	4	0
68	56	10	1
68	58	5	0
68	59	8	2
68	60	18	1
68	61	18	2
68	62	10	1
68	63	17	2
68	64	4	2
68	69	20	0
68	70	25	0
68	76	5	2
68	77	16	1
68	78	2	2
68	79	16	2
68	80	29	2
68	86	5	1
68	89	6	0
68	91	16	1
68	95	0	2
68	99	1	1
69	4	1	2
69	5	2	2
69	6	17	0
69	9	25	2
69	15	0	2
69	19	20	2
69	25	7	2
69	30	14	2
69	32	2	1
69	34	3	0
69	39	17	0
69	40	18	0
69	41	7	2
69	42	11	0
69	45	4	2
69	47	23	2
69	49	23	2
69	50	16	2
69	51	12	0
69	53	2	2
69	57	16	1
69	59	23	1
69	61	17	2
69	64	16	1
69	65	20	0
69	66	21	2
69	67	25	2
69	68	20	0
69	70	25	0
69	71	17	1
69	72	0	1
69	73	22	1
69	74	26	0
69	76	12	0
69	78	15	2
69	81	13	0
69	82	8	2
69	83	21	1
69	94	8	0
69	98	20	0
69	99	8	2
70	0	6	2
70	2	26	2
70	5	20	1
70	8	21	2
70	9	25	2
70	10	7	0
70	12	7	2
70	13	20	2
70	19	14	1
70	21	12	2
70	24	25	0
70	25	17	2
70	26	24	0
70	27	7	1
70	29	5	0
70	33	26	0
70	36	15	2
70	38	20	2
70	44	0	1
70	46	5	0
70	47	6	1
70	49	8	1
70	50	28	0
70	51	14	2
70	55	24	0
70	56	25	0
70	57	1	2
70	59	3	1
70	61	7	2
70	62	7	2
70	64	4	0
70	65	0	2
70	68	25	0
70	69	25	0
70	73	19	0
70	78	1	1
70	81	27	1
70	82	12	1
70	83	17	0
70	84	9	2
70	85	7	2
70	90	1	0
70	93	6	2
70	96	15	1
70	97	17	2
71	1	10	0
71	2	1	1
71	3	12	1
71	4	3	1
71	5	18	1
71	6	9	2
71	7	3	1
71	9	5	1
71	10	19	0
71	13	3	2
71	15	7	0
71	19	22	0
71	21	7	1
71	22	21	0
71	25	9	2
71	27	3	1
71	30	22	1
71	32	8	2
71	33	12	1
71	34	12	0
71	35	20	0
71	39	20	1
71	40	3	2
71	42	24	1
71	43	4	1
71	44	28	1
71	46	3	1
71	47	29	1
71	48	18	2
71	49	14	0
71	51	3	0
71	52	24	1
71	53	27	1
71	54	24	1
71	55	4	2
71	56	12	0
71	58	21	0
71	61	4	2
71	62	22	0
71	63	26	2
71	67	20	1
71	69	17	1
71	72	6	1
71	73	6	2
71	74	29	1
71	76	11	0
71	77	29	0
71	78	7	1
71	79	6	0
71	80	27	1
71	82	28	2
71	84	12	2
71	85	26	1
71	86	16	2
71	88	28	1
71	89	2	2
71	90	6	1
71	92	1	2
71	93	21	2
71	94	16	0
71	95	18	0
71	99	17	0
72	0	6	0
72	3	7	2
72	4	15	2
72	5	9	0
72	6	14	2
72	8	20	0
72	9	2	0
72	10	28	1
72	16	29	2
72	19	25	2
72	20	12	1
72	22	20	0
72	23	25	2
72	25	13	0
72	29	11	0
72	31	25	0
72	33	0	1
72	35	29	1
72	36	2	1
72	39	7	1
72	40	1	1
72	42	28	0
72	43	4	0
72	45	16	2
72	46	26	0
72	47	19	0
72	49	14	1
72	50	19	0
72	51	17	0
72	53	4	1
72	54	19	2
72	55	13	0
72	58	0	0
72	61	19	1
72	65	2	2
72	66	21	2
72	69	0	1
72	71	6	1
72	79	20	2
72	80	4	1
72	82	4	1
72	83	15	1
72	84	2	0
72	85	7	1
72	86	14	1
72	87	21	2
72	89	25	0
72	93	29	2
72	98	28	2
72	99	5	2
73	0	2	2
73	1	22	1
73	5	28	1
73	7	20	0
73	9	12	0
73	11	7	1
73	12	17	0
73	14	24	0
73	17	26	0
73	19	27	2
73	20	18	1
73	22	13	2
73	23	15	2
73	24	18	1
73	25	9	0
73	26	26	2
73	27	25	0
73	29	3	1
73	31	3	1
73	32	3	1
73	36	20	0
73	40	29	0
73	41	2	2
73	42	28	2
73	43	10	1
73	44	2	2
73	46	17	2
73	47	5	0
73	48	1	0
73	49	24	1
73	50	24	1
73	51	11	2
73	52	1	0
73	53	27	2
73	54	0	1
73	55	25	0
73	57	3	1
73	59	1	2
73	62	9	0
73	65	12	2
73	66	7	1
73	69	22	1
73	70	19	0
73	71	6	2
73	74	19	2
73	76	11	0
73	78	17	1
73	79	16	0
73	83	21	0
73	85	22	0
73	91	10	2
73	92	28	0
73	94	1	0
73	95	23	0
73	97	26	0
73	98	12	2
74	2	18	1
74	3	24	2
74	5	3	2
74	6	4	0
74	11	20	0
74	14	13	0
74	15	16	1
74	17	8	1
74	18	26	0
74	19	14	2
74	20	0	0
74	21	25	1
74	22	8	1
74	23	20	1
74	24	17	1
74	25	12	1
74	30	3	2
74	33	28	2
74	34	12	1
74	37	8	0
74	38	9	1
74	39	27	0
74	40	18	0
74	43	10	2
74	45	18	2
74	46	25	0
74	47	9	0
74	48	19	0
74	50	22	0
74	51	10	0
74	52	12	1
74	53	11	2
74	54	25	0
74	56	18	2
74	57	25	2
74	58	10	0
74	59	19	1
74	60	7	0
74	61	22	0
74	62	12	1
74	63	20	1
74	66	28	2
74	67	12	0
74	69	26	0
74	71	29	1
74	73	19	2
74	75	25	1
74	76	5	1
74	80	17	2
74	84	1	0
74	85	12	2
74	90	21	2
74	91	10	0
74	92	28	1
74	93	27	1
74	99	16	2
75	3	1	1
75	6	14	2
75	8	25	2
75	10	25	1
75	11	17	0
75	12	20	0
75	16	12	2
75	17	1	0
75	19	6	2
75	20	26	1
75	22	17	2
75	23	29	0
75	24	18	2
75	26	10	2
75	27	8	1
75	28	28	0
75	29	4	2
75	30	25	0
75	31	1	0
75	34	28	0
75	38	24	2
75	40	19	2
75	41	9	0
75	43	13	2
75	44	2	0
75	45	13	2
75	46	8	0
75	50	20	1
75	52	10	1
75	54	26	2
75	59	28	0
75	60	23	1
75	61	22	2
75	62	29	1
75	64	11	2
75	67	4	2
75	74	25	1
75	76	20	1
75	77	4	1
75	80	14	0
75	81	4	2
75	83	7	0
75	84	5	1
75	85	22	2
75	87	6	0
75	88	11	2
75	90	29	2
75	91	26	1
75	92	27	0
75	94	3	0
75	98	16	2
75	99	5	0
76	0	7	0
76	2	24	1
76	3	15	2
76	5	19	2
76	6	28	0
76	7	12	0
76	10	18	0
76	12	23	0
76	13	29	1
76	15	17	1
76	16	28	0
76	18	3	2
76	19	7	0
76	27	13	0
76	28	13	0
76	29	11	0
76	31	9	2
76	32	7	0
76	33	21	1
76	34	7	0
76	35	7	1
76	36	9	1
76	38	27	2
76	41	10	2
76	42	17	2
76	43	0	1
76	45	1	1
76	49	11	2
76	50	18	1
76	51	17	2
76	56	22	0
76	57	18	2
76	60	18	2
76	62	26	1
76	65	18	2
76	67	25	0
76	68	5	2
76	69	12	0
76	71	11	0
76	73	11	0
76	74	5	1
76	75	20	1
76	77	7	0
76	78	25	2
76	80	12	1
76	81	20	0
76	85	8	0
76	87	21	2
76	88	29	0
76	89	23	0
76	91	26	0
76	93	25	1
76	95	1	1
76	96	5	2
76	97	7	2
76	98	3	2
76	99	6	1
77	1	22	0
77	2	5	2
77	4	15	1
77	6	3	1
77	8	0	2
77	11	27	0
77	15	20	0
77	17	28	0
77	19	28	0
77	20	8	1
77	23	4	2
77	25	22	1
77	27	27	0
77	28	24	0
77	33	17	1
77	34	6	0
77	38	26	2
77	39	3	2
77	41	21	2
77	42	10	0
77	43	17	0
77	45	25	1
77	46	22	1
77	52	25	2
77	53	18	0
77	56	20	0
77	60	17	1
77	62	7	2
77	65	15	1
77	67	6	1
77	68	16	1
77	71	29	0
77	75	4	1
77	76	7	0
77	78	21	0
77	79	10	0
77	81	29	2
77	85	28	2
77	86	7	1
77	90	1	2
77	93	26	1
77	95	5	2
78	0	17	0
78	2	0	0
78	3	28	2
78	4	6	1
78	6	18	0
78	11	9	2
78	12	25	2
78	13	5	2
78	15	21	1
78	18	18	0
78	20	24	1
78	22	1	1
78	23	13	1
78	24	10	0
78	25	15	0
78	26	15	0
78	29	12	2
78	30	13	1
78	32	25	1
78	33	22	0
78	35	14	1
78	36	10	2
78	38	21	2
78	39	1	1
78	42	14	1
78	43	18	1
78	45	20	2
78	48	2	1
78	49	8	2
78	51	13	0
78	54	17	0
78	56	25	2
78	57	23	1
78	58	14	2
78	64	11	1
78	65	27	1
78	68	2	2
78	69	15	2
78	70	1	1
78	71	7	1
78	73	17	1
78	76	25	2
78	77	21	0
78	79	23	2
78	80	29	2
78	81	0	1
78	86	26	1
78	87	18	2
78	88	29	1
78	90	4	1
78	91	1	0
78	93	27	1
78	97	20	2
79	1	27	1
79	3	9	0
79	4	29	0
79	12	11	0
79	14	4	2
79	15	22	0
79	16	22	2
79	17	0	0
79	18	7	1
79	19	19	2
79	20	6	0
79	21	10	2
79	24	14	1
79	30	7	1
79	32	3	1
79	33	29	1
79	34	23	2
79	37	1	2
79	38	22	2
79	41	2	2
79	42	18	1
79	43	1	0
79	44	19	1
79	49	3	0
79	53	5	0
79	60	3	1
79	61	0	2
79	62	29	2
79	64	23	1
79	65	23	0
79	67	12	2
79	68	16	2
79	71	6	0
79	72	20	2
79	73	16	0
79	77	10	0
79	78	23	2
79	80	5	1
79	81	5	1
79	83	29	1
79	85	14	2
79	86	8	1
79	89	20	1
79	90	23	1
79	91	6	0
79	92	29	2
79	93	18	1
79	95	21	1
79	96	16	1
79	97	29	1
79	98	8	0
79	99	19	2
80	0	7	2
80	1	13	2
80	2	19	1
80	3	12	0
80	4	24	1
80	6	24	1
80	7	29	2
80	14	22	2
80	19	19	1
80	20	16	1
80	21	3	2
80	22	11	2
80	23	28	2
80	24	21	0
80	28	1	2
80	30	0	0
80	31	1	0
80	32	7	1
80	33	8	0
80	34	29	1
80	38	18	2
80	40	29	0
80	41	2	0
80	42	2	0
80	43	25	2
80	48	14	0
80	50	25	1
80	52	26	1
80	56	13	0
80	57	16	0
80	62	13	0
80	66	20	2
80	67	8	2
80	68	29	2
80	71	27	1
80	72	4	1
80	74	17	2
80	75	14	0
80	76	12	1
80	78	29	2
80	79	5	1
80	82	2	2
80	83	20	0
80	84	20	1
80	85	5	1
80	91	24	0
80	93	28	0
80	94	0	1
80	98	3	0
81	0	16	2
81	1	17	1
81	3	24	1
81	5	23	0
81	6	28	1
81	7	12	1
81	9	8	1
81	11	18	0
81	16	26	2
81	17	15	2
81	20	18	1
81	22	15	0
81	27	21	0
81	29	14	1
81	30	29	1
81	31	28	2
81	32	14	2
81	33	6	0
81	35	22	0
81	38	23	2
81	40	18	0
81	42	13	2
81	43	11	0
81	44	23	1
81	45	5	1
81	46	8	0
81	48	17	2
81	49	7	0
81	50	13	2
81	51	0	1
81	60	23	1
81	63	22	0
81	66	6	0
81	67	8	1
81	69	13	0
81	70	27	1
81	75	4	2
81	76	20	0
81	77	29	2
81	78	0	1
81	79	5	1
81	82	25	1
81	84	12	0
81	86	17	1
81	89	18	2
81	90	16	2
81	91	8	2
81	93	13	0
81	95	12	0
81	96	14	2
81	98	24	1
82	0	9	0
82	9	8	1
82	11	21	1
82	12	5	1
82	17	25	2
82	18	13	2
82	19	29	1
82	20	17	2
82	23	15	1
82	24	25	0
82	25	10	1
82	26	1	0
82	27	15	1
82	28	2	1
82	30	10	0
82	35	1	2
82	37	2	1
82	38	8	0
82	39	7	1
82	40	22	2
82	42	3	2
82	43	29	0
82	44	16	1
82	51	6	0
82	60	0	2
82	64	3	2
82	67	9	1
82	69	8	2
82	70	12	1
82	71	28	2
82	72	4	1
82	80	2	2
82	81	25	1
82	84	11	2
82	85	12	0
82	86	11	0
82	87	16	0
82	88	1	0
82	89	27	0
82	91	26	0
82	92	3	2
82	94	9	2
82	95	10	1
82	96	3	1
82	97	29	2
82	99	22	1
83	6	4	0
83	7	13	0
83	9	16	0
83	12	20	1
83	13	11	2
83	15	24	1
83	17	20	1
83	24	26	0
83	26	22	0
83	28	21	1
83	29	24	1
83	33	13	2
83	34	22	0
83	37	24	1
83	38	22	0
83	42	29	0
83	43	3	0
83	44	29	0
83	46	8	0
83	50	21	1
83	52	29	0
83	53	25	1
83	56	16	0
83	57	4	0
83	58	15	2
83	60	11	2
83	61	6	0
83	62	8	2
83	64	25	2
83	66	5	2
83	67	15	0
83	69	21	1
83	70	17	0
83	72	15	1
83	73	21	0
83	75	7	0
83	79	29	1
83	80	20	0
83	86	29	2
83	88	22	1
83	89	13	0
83	91	4	2
83	93	7	0
83	94	10	0
83	95	29	1
83	97	2	0
83	98	21	0
83	99	6	0
84	0	20	1
84	1	16	2
84	2	6	2
84	4	21	0
84	11	4	1
84	12	27	2
84	14	24	2
84	19	5	2
84	23	22	2
84	28	5	1
84	29	11	2
84	30	7	1
84	31	0	2
84	32	2	1
84	36	11	1
84	38	12	1
84	40	11	2
84	41	20	0
84	44	17	1
84	47	11	1
84	49	18	2
84	51	8	0
84	52	24	0
84	54	17	1
84	57	24	0
84	61	10	1
84	62	23	2
84	65	19	0
84	66	19	0
84	70	9	2
84	71	12	2
84	72	2	0
84	74	1	0
84	75	5	1
84	80	20	1
84	81	12	0
84	82	11	2
84	85	2	0
84	87	24	0
84	89	20	0
84	92	29	2
84	95	28	1
84	96	12	1
84	97	16	1
85	2	19	0
85	3	15	0
85	4	16	2
85	5	5	2
85	6	11	2
85	7	3	0
85	8	4	0
85	9	15	2
85	12	4	1
85	14	1	1
85	16	20	0
85	19	3	1
85	20	2	0
85	21	12	1
85	22	9	1
85	23	28	0
85	28	22	2
85	29	9	0
85	30	0	0
85	31	27	0
85	32	10	1
85	35	11	0
85	36	28	2
85	38	5	1
85	40	3	1
85	41	0	2
85	43	6	2
85	44	18	0
85	47	3	0
85	48	24	0
85	51	14	0
85	54	17	2
85	55	10	2
85	56	7	0
85	57	12	2
85	60	7	2
85	61	22	0
85	65	2	0
85	70	7	2
85	71	26	1
85	72	7	1
85	73	22	0
85	74	12	2
85	75	22	2
85	76	8	0
85	77	28	2
85	79	14	2
85	80	5	1
85	82	12	0
85	84	2	0
85	86	5	0
85	87	8	0
85	88	10	0
85	92	16	0
85	93	11	2
85	94	18	0
85	95	21	1
85	96	12	0
85	98	19	2
86	3	8	2
86	5	3	1
86	6	27	1
86	8	18	0
86	12	26	0
86	13	14	2
86	16	2	1
86	17	26	0
86	18	17	1
86	19	6	0
86	20	22	0
86	21	12	0
86	25	12	0
86	27	5	0
86	28	17	2
86	32	20	1
86	33	13	2
86	35	28	0
86	37	23	2
86	39	6	1
86	40	16	2
86	42	22	2
86	43	24	1
86	44	21	1
86	46	9	0
86	47	1	0
86	53	5	0
86	54	19	2
86	55	12	1
86	56	17	0
86	57	18	1
86	58	11	0
86	61	7	0
86	63	12	1
86	66	5	2
86	67	8	1
86	68	5	1
86	71	16	2
86	72	14	1
86	77	7	1
86	78	26	1
86	79	8	1
86	81	17	1
86	82	11	0
86	83	29	2
86	85	5	0
86	88	8	2
86	89	0	2
86	91	12	2
86	96	5	1
86	98	4	1
86	99	28	0
87	0	20	1
87	1	12	2
87	3	16	0
87	7	8	1
87	9	17	0
87	10	6	0
87	11	4	2
87	12	3	0
87	13	14	2
87	14	22	2
87	15	5	0
87	17	27	1
87	18	23	0
87	19	19	2
87	20	0	0
87	21	5	2
87	22	14	2
87	25	1	1
87	27	0	1
87	28	0	1
87	29	26	0
87	31	19	0
87	34	20	2
87	36	27	0
87	37	21	2
87	38	28	2
87	39	19	0
87	45	9	1
87	46	11	0
87	47	27	0
87	48	16	0
87	50	7	0
87	53	3	2
87	56	25	1
87	58	21	2
87	59	2	0
87	60	6	0
87	61	20	0
87	62	2	2
87	63	26	1
87	64	3	2
87	66	4	0
87	72	21	2
87	75	6	0
87	76	21	2
87	78	18	2
87	82	16	0
87	84	24	0
87	85	8	0
87	88	5	1
87	89	18	2
87	91	16	0
87	92	13	1
87	94	16	0
87	98	29	1
87	99	20	2
88	1	4	2
88	3	3	2
88	5	25	1
88	7	22	0
88	8	7	0
88	11	21	0
88	14	29	0
88	15	3	0
88	17	16	0
88	18	17	0
88	20	11	0
88	21	25	0
88	23	22	0
88	25	8	0
88	28	29	2
88	30	24	2
88	31	6	2
88	33	8	1
88	34	27	1
88	35	8	2
88	37	21	1
88	38	12	1
88	42	0	2
88	43	17	0
88	45	29	1
88	48	25	1
88	49	1	1
88	52	7	1
88	57	4	2
88	59	8	1
88	61	16	1
88	62	23	0
88	64	15	1
88	65	19	2
88	66	26	2
88	71	28	1
88	75	11	2
88	76	29	0
88	78	29	1
88	82	1	0
88	83	22	1
88	85	10	0
88	86	8	2
88	87	5	1
88	89	12	1
88	91	16	1
88	92	12	1
88	93	20	1
88	94	14	0
88	95	11	2
88	96	13	0
88	97	12	1
88	98	26	2
88	99	4	1
89	0	0	1
89	1	1	1
89	3	21	1
89	5	14	1
89	6	2	1
89	8	18	1
89	9	28	1
89	10	5	1
89	11	0	2
89	12	3	1
89	13	5	2
89	15	11	0
89	16	8	0
89	19	9	0
89	22	27	2
89	23	14	2
89	26	9	0
89	28	18	0
89	29	3	1
89	32	17	1
89	34	26	2
89	38	20	0
89	39	14	1
89	40	21	2
89	41	4	0
89	43	12	0
89	45	19	0
89	47	22	0
89	48	14	1
89	49	26	0
89	50	11	2
89	51	17	1
89	54	22	1
89	56	25	0
89	57	14	0
89	58	11	2
89	63	9	2
89	65	26	1
89	66	5	1
89	68	6	0
89	71	2	2
89	72	25	0
89	76	23	0
89	79	20	1
89	81	18	2
89	82	27	0
89	83	13	0
89	84	20	0
89	86	0	2
89	87	18	2
89	88	12	1
89	91	10	0
89	92	29	0
89	93	15	0
89	96	14	2
89	97	14	1
90	2	22	1
90	6	12	1
90	8	1	1
90	12	16	1
90	13	8	2
90	18	26	0
90	19	27	1
90	20	11	0
90	23	3	1
90	26	6	0
90	27	16	2
90	29	20	1
90	31	9	0
90	33	5	0
90	38	23	1
90	41	26	0
90	42	25	0
90	43	28	1
90	44	1	0
90	45	24	0
90	49	24	2
90	50	18	1
90	52	2	2
90	54	18	0
90	55	29	1
90	56	19	0
90	57	23	2
90	58	29	2
90	60	17	1
90	61	16	0
90	65	17	2
90	66	8	0
90	70	1	0
90	71	6	1
90	74	21	2
90	75	29	2
90	77	1	2
90	78	4	1
90	79	23	1
90	81	16	2
90	92	24	2
90	94	17	0
90	96	16	2
90	97	24	1
91	1	16	0
91	2	19	1
91	4	7	1
91	7	4	1
91	8	21	2
91	9	24	0
91	12	2	0
91	13	28	2
91	14	21	2
91	16	14	2
91	21	11	1
91	22	12	1
91	23	14	2
91	24	18	0
91	25	9	0
91	28	8	1
91	29	14	1
91	31	17	1
91	32	13	0
91	33	5	2
91	35	28	1
91	37	20	1
91	39	1	1
91	41	1	0
91	45	7	2
91	47	26	0
91	48	25	0
91	49	17	1
91	51	11	2
91	52	12	2
91	53	0	1
91	55	22	1
91	57	17	2
91	62	1	1
91	65	26	2
91	68	16	1
91	73	10	2
91	74	10	0
91	75	26	1
91	76	26	0
91	78	1	0
91	79	6	0
91	80	24	0
91	81	8	2
91	82	26	0
91	83	4	2
91	86	12	2
91	87	16	0
91	88	16	1
91	89	10	0
91	93	16	0
91	94	21	2
91	96	28	2
91	99	5	0
92	1	11	2
92	2	4	1
92	3	23	2
92	7	10	0
92	9	8	0
92	12	22	2
92	13	4	2
92	14	2	2
92	16	5	1
92	17	29	0
92	19	26	2
92	20	17	2
92	21	0	2
92	24	25	2
92	26	17	0
92	27	15	0
92	29	29	1
92	30	11	0
92	31	3	0
92	33	9	0
92	35	13	2
92	39	11	1
92	40	18	0
92	43	16	2
92	45	3	0
92	46	13	0
92	48	0	1
92	49	20	0
92	52	9	2
92	55	29	1
92	57	29	2
92	59	5	1
92	60	18	0
92	61	19	2
92	62	10	0
92	63	1	2
92	65	6	1
92	67	12	2
92	71	1	2
92	73	28	0
92	74	28	1
92	75	27	0
92	79	29	2
92	82	3	2
92	84	29	2
92	85	16	0
92	87	13	1
92	88	12	1
92	89	29	0
92	90	24	2
92	94	13	1
92	96	27	0
92	97	17	2
93	1	3	1
93	2	0	1
93	3	24	2
93	5	9	2
93	7	15	0
93	8	3	1
93	14	22	0
93	15	15	1
93	18	25	0
93	20	7	1
93	21	21	0
93	23	12	0
93	24	11	0
93	26	11	0
93	30	1	2
93	33	9	2
93	34	7	0
93	35	19	2
93	36	2	2
93	39	0	2
93	42	18	0
93	43	15	0
93	45	10	1
93	48	17	2
93	53	13	1
93	56	21	2
93	57	2	2
93	59	29	0
93	60	3	0
93	61	27	1
93	62	11	2
93	63	26	0
93	64	15	0
93	66	6	2
93	70	6	2
93	71	21	2
93	72	29	2
93	74	27	1
93	76	25	1
93	77	26	1
93	78	27	1
93	79	18	1
93	80	28	0
93	81	13	0
93	83	7	0
93	85	11	2
93	88	20	1
93	89	15	0
93	91	16	0
93	94	11	0
93	99	19	2
94	0	0	1
94	2	28	1
94	3	28	0
94	4	26	0
94	5	16	0
94	6	0	2
94	10	11	2
94	15	21	2
94	16	8	0
94	17	7	2
94	19	4	1
94	20	27	0
94	21	23	2
94	23	26	0
94	25	9	1
94	26	3	2
94	27	4	0
94	28	2	0
94	29	7	1
94	30	2	2
94	31	19	1
94	33	22	2
94	37	25	0
94	38	4	1
94	40	13	2
94	41	29	2
94	42	24	0
94	43	11	1
94	47	17	0
94	48	7	2
94	50	7	2
94	54	15	2
94	56	25	2
94	57	8	1
94	58	18	1
94	60	1	2
94	62	28	1
94	63	17	2
94	65	28	2
94	66	3	0
94	67	14	0
94	69	8	0
94	71	16	0
94	73	1	0
94	75	3	0
94	80	0	1
94	82	9	2
94	83	10	0
94	85	18	0
94	87	16	0
94	88	14	0
94	90	17	0
94	91	21	2
94	92	13	1
94	93	11	0
94	97	3	2
94	98	10	2
95	0	11	0
95	5	18	1
95	6	17	2
95	9	12	2
95	10	8	1
95	11	20	0
95	14	23	0
95	15	22	0
95	19	2	1
95	21	23	2
95	22	21	2
95	23	29	0
95	24	21	0
95	27	12	2
95	28	16	0
95	29	28	0
95	30	0	1
95	33	7	0
95	34	5	2
95	35	3	0
95	38	5	1
95	42	11	1
95	47	8	2
95	49	1	2
95	51	5	1
95	55	29	0
95	58	28	2
95	60	7	2
95	61	28	0
95	63	1	0
95	64	24	0
95	68	0	2
95	71	18	0
95	73	23	0
95	76	1	1
95	77	5	2
95	79	21	1
95	81	12	0
95	82	10	1
95	83	29	1
95	84	28	1
95	85	21	1
95	88	11	2
95	96	16	0
95	99	8	2
96	0	19	1
96	3	12	2
96	7	23	2
96	8	3	1
96	9	19	1
96	11	0	0
96	12	15	0
96	13	22	2
96	15	23	0
96	16	7	2
96	18	0	0
96	19	25	1
96	21	27	0
96	22	13	1
96	23	1	0
96	26	18	2
96	27	22	2
96	29	4	1
96	33	12	1
96	34	17	2
96	35	14	2
96	36	16	0
96	38	1	2
96	39	15	2
96	42	3	2
96	43	11	1
96	44	28	0
96	45	10	0
96	46	2	0
96	47	16	0
96	50	19	1
96	51	1	2
96	52	9	0
96	55	17	1
96	59	9	0
96	63	27	0
96	64	5	2
96	65	21	2
96	67	14	0
96	70	15	1
96	76	5	2
96	79	16	1
96	81	14	2
96	82	3	1
96	84	12	1
96	85	12	0
96	86	5	1
96	88	13	0
96	89	14	2
96	90	16	2
96	91	28	2
96	92	27	0
96	95	16	0
96	98	8	1
96	99	0	1
97	1	17	2
97	2	26	1
97	4	26	0
97	5	15	1
97	6	23	1
97	7	20	1
97	8	6	0
97	11	12	1
97	15	1	1
97	17	7	0
97	18	26	0
97	19	21	1
97	20	28	2
97	21	17	2
97	24	17	2
97	25	21	1
97	26	12	1
97	27	19	0
97	28	25	1
97	29	24	1
97	31	20	1
97	32	3	0
97	33	12	1
97	34	23	0
97	35	21	2
97	37	17	2
97	43	16	2
97	46	6	0
97	47	20	2
97	48	5	2
97	50	28	0
97	51	29	1
97	54	2	1
97	55	22	1
97	56	0	2
97	57	11	2
97	60	2	1
97	61	10	1
97	63	21	2
97	64	17	1
97	67	2	1
97	70	17	2
97	73	26	0
97	76	7	2
97	78	20	2
97	79	29	1
97	82	29	2
97	83	2	0
97	84	16	1
97	88	12	1
97	89	14	1
97	90	24	1
97	92	17	2
97	94	3	2
98	0	24	0
98	2	28	2
98	8	12	2
98	10	22	1
98	14	27	1
98	15	12	0
98	16	5	1
98	18	29	1
98	21	18	1
98	22	12	0
98	23	9	2
98	24	14	1
98	25	23	0
98	27	16	0
98	30	18	1
98	34	20	0
98	35	6	2
98	36	9	2
98	37	13	0
98	38	12	0
98	39	11	0
98	40	8	2
98	41	24	2
98	43	13	0
98	45	6	2
98	46	12	2
98	47	25	0
98	49	20	2
98	52	24	1
98	54	25	1
98	55	27	2
98	57	3	1
98	62	26	2
98	63	10	1
98	65	18	2
98	69	20	0
98	72	28	2
98	73	12	2
98	75	16	2
98	76	3	2
98	79	8	0
98	80	3	0
98	81	24	1
98	83	21	0
98	85	19	2
98	86	4	1
98	87	29	1
98	88	26	2
98	94	10	2
98	96	8	1
99	2	27	1
99	4	11	1
99	5	19	2
99	6	11	0
99	7	5	2
99	8	19	2
99	9	1	0
99	10	3	1
99	11	4	1
99	12	4	2
99	13	23	1
99	16	21	2
99	18	11	2
99	20	22	0
99	24	14	1
99	25	22	1
99	29	11	0
99	30	22	0
99	32	27	1
99	37	21	2
99	38	7	2
99	39	19	0
99	41	4	1
99	42	26	2
99	45	2	0
99	51	5	1
99	52	24	1
99	53	18	1
99	54	3	1
99	57	23	1
99	58	26	0
99	60	7	1
99	65	27	2
99	67	23	1
99	68	1	1
99	69	8	2
99	71	17	0
99	72	5	2
99	74	16	2
99	75	5	0
99	76	6	1
99	79	19	2
99	82	22	1
99	83	6	0
99	86	28	0
99	87	20	2
99	88	4	1
99	91	5	0
99	93	19	2
99	95	8	2
99	96	0	1
